0  0  0  0  0  0  0  0  0  0  0  0  0  0  0  0  0  0  0  0  0  0  0  0  0  0  0  0  0  0  0  0  0  0  0  0  0  0  0  0  0  0  0  0  0  0  0  0  0  0  0  0  0  0  0  0  0  0  0  0  0  0  0  0  0  0  0  0  0  0  0  0  0  0  0  0  0  0  0  0  0  0  0  0  0  0  0  0  0  0  0  0  0  0  0  0  0  0  0  0  0  0  0  0  0  0  0  0  0  0  0  0  0  0  0  0  0  0  0  0  0  0  0  0  0  0
0  0  0  0  0  0  0  0  0  0  0  0  0  0  0  0  0  0  0  0  0  0  0  0  0  0  0  0  0  0  0  0  0  0  0  0  0  0  0  0  0  0  0  0  0  0  0  0  0  0  0  0  0  0  0  0  0  0  0  0  0  0  0  0  0  0  0  0  0  0  0  0  0  0  0  0  0  0  0  0  0  0  0  0  0  0  0  0  0  0  0  0  0  0  0  0  0  0  0  0  0  0  0  0  0  0  0  0  0  0  0  0  0  0  0  0  0  0  0  0  0  0  0  0  0  0
0  0  0  0  0  0  0  0  0  0  0  0  0  0  0  0  0  0  0  0  0  0  0  0  0  0  0  0  0  0  0  0  0  0  0  0  0  0  0  0  0  0  0  0  0  0  0  0  0  0  0  0  0  0  0  0  0  0  0  0  0  0  0  0  0  0  0  0  0  0  0  0  0  0  0  0  0  0  0  0  0  0  0  0  0  0  0  0  0  0  0  0  0  0  0  0  0  0  0  0  0  0  0  0  0  0  0  0  0  0  0  0  0  0  0  0  0  0  0  0  0  0  0  0  0  0
0  0  0  0  0  0  0  0  0  0  0  0  0  0  0  0  0  0  0  0  0  0  0  0  0  0  0  0  0  0  0  0  0  0  0  0  0  0  0  0  0  0  0  0  0  0  0  0  0  0  0  0  0  0  0  0  0  0  0  0  0  0  0  0  0  0  0  0  0  0  0  0  0  0  0  0  0  0  0  0  0  0  0  0  0  0  0  0  0  0  0  0  0  0  0  0  0  0  0  0  0  0  0  0  0  0  0  0  0  0  0  0  0  0  0  0  0  0  0  0  0  0  0  0  0  0
0  0  0  0  0  0  0  0  0  0  0  0  0  0  0  0  0  0  0  0  0  0  0  0  0  0  0  0  0  0  0  0  0  0  0  0  0  0  0  0  0  0  0  0  0  0  0  0  0  0  0  0  0  0  0  0  0  0  0  0  0  0  0  0  0  0  0  0  0  0  0  0  0  0  0  0  0  0  0  0  0  0  0  0  0  0  0  0  0  0  0  0  0  0  0  0  0  0  0  0  0  0  0  0  0  0  0  0  0  0  0  0  0  0  0  0  0  0  0  0  0  0  0  0  0  0
0  0  0  0  0  0  0  0  0  0  0  0  0  0  0  0  0  0  0  0  0  0  0  0  0  0  0  0  0  0  0  0  0  0  0  0  0  0  0  0  0  0  0  0  0  0  0  0  0  0  0  0  0  0  0  0  0  0  0  0  0  0  0  0  0  0  0  0  0  0  0  0  0  0  0  0  0  0  0  0  0  0  0  0  0  0  0  0  0  0  0  0  0  0  0  0  0  0  0  0  0  0  0  0  0  0  0  0  0  0  0  0  0  0  0  0  0  0  0  0  0  0  0  0  0  0
0  0  0  0  0  0  0  0  0  0  0  0  0  0  0  0  0  0  0  0  0  0  0  0  0  0  0  0  0  0  0  0  0  0  0  0  0  0  0  0  0  0  0  0  0  0  0  0  0  0  0  0  0  0  0  0  0  0  0  0  0  0  0  0  0  0  0  0  0  0  0  0  0  0  0  0  0  0  0  0  0  0  0  0  0  0  0  0  0  0  0  0  0  0  0  0  0  0  0  0  0  0  0  0  0  0  0  0  0  0  0  0  0  0  0  0  0  0  0  0  0  0  0  0  0  0
0  0  0  0  0  0  0  0  0  0  0  0  0  0  0  0  0  0  0  0  0  0  0  0  0  0  0  0  0  0  0  0  0  0  0  0  0  0  0  0  0  0  0  0  0  0  0  0  0  0  0  0  0  0  0  0  0  0  0  0  0  0  0  0  0  0  0  0  0  0  0  0  0  0  0  0  0  0  0  0  0  0  0  0  0  0  0  0  0  0  0  0  0  0  0  0  0  0  0  0  0  0  0  0  0  0  0  0  0  0  0  0  0  0  0  0  0  0  0  0  0  0  0  0  0  0
0  0  0  0  0  0  0  0  3  0  3  0  3  0  3  0  3  0  3  0  3  0  3  0  3  0  3  0  3  0  3  0  3  0  3  0  3  0  3  0  3  0  3  0  3  0  3  0  3  0  3  0  3  0  3  0  3  0  3  0  3  0  3  0  3  0  3  0  3  0  3  0  3  0  3  0  3  0  3  0  3  0  3  0  3  0  3  0  3  0  3  0  3  0  3  0  3  0  3  0  3  0  3  0  3  0  3  0  3  0  3  0  3  0  3  0  3  0  0  0  0  0  0  0  0  0
0  0  0  0  0  0  0  0  0  0  0  0  0  0  0  0  0  0  0  0  0  0  0  0  0  0  0  0  0  0  0  0  0  0  0  0  0  0  0  0  0  0  0  0  0  0  0  0  0  0  0  0  0  0  0  0  0  0  0  0  0  0  0  0  0  0  0  0  0  0  0  0  0  0  0  0  0  0  0  0  0  0  0  0  0  0  0  0  0  0  0  0  0  0  0  0  0  0  0  0  0  0  0  0  0  0  0  0  0  0  0  0  0  0  0  0  0  0  0  0  0  0  0  0  0  0
0  0  0  0  0  0  0  0  3  0  3  0  3  0  3  0  3  0  3  0  3  0  3  0  3  0  3  0  3  0  3  0  3  0  3  0  3  0  3  0  3  0  3  0  3  0  3  0  3  0  3  0  3  0  3  0  3  0  3  0  3  0  3  0  3  0  3  0  3  0  3  0  3  0  3  0  3  0  3  0  3  0  3  0  3  0  3  0  3  0  3  0  3  0  3  0  3  0  3  0  3  0  3  0  3  0  3  0  3  0  3  0  3  0  3  0  3  0  0  0  0  0  0  0  0  0
0  0  0  0  0  0  0  0  0  0  0  0  0  0  0  0  0  0  0  0  0  0  0  0  0  0  0  0  0  0  0  0  0  0  0  0  0  0  0  0  0  0  0  0  0  0  0  0  0  0  0  0  0  0  0  0  0  0  0  0  0  0  0  0  0  0  0  0  0  0  0  0  0  0  0  0  0  0  0  0  0  0  0  0  0  0  0  0  0  0  0  0  0  0  0  0  0  0  0  0  0  0  0  0  0  0  0  0  0  0  0  0  0  0  0  0  0  0  0  0  0  0  0  0  0  0
0  0  0  0  0  0  0  0  3  0  3  0  3  0  3  0  3  0  3  0  3  0  3  0  3  0  3  0  3  0  3  0  3  0  3  0  3  0  3  0  3  0  3  0  3  0  3  0  3  0  3  0  3  0  3  0  3  0  3  0  3  0  3  0  3  0  3  0  3  0  3  0  3  0  3  0  3  0  3  0  3  0  3  0  3  0  3  0  3  0  3  0  3  0  3  0  3  0  3  0  3  0  3  0  3  0  3  0  3  0  3  0  3  0  3  0  3  0  0  0  0  0  0  0  0  0
0  0  0  0  0  0  0  0  0  0  0  0  0  0  0  0  0  0  0  0  0  0  0  0  0  0  0  0  0  0  0  0  0  0  0  0  0  0  0  0  0  0  0  0  0  0  0  0  0  0  0  0  0  0  0  0  0  0  0  0  0  0  0  0  0  0  0  0  0  0  0  0  0  0  0  0  0  0  0  0  0  0  0  0  0  0  0  0  0  0  0  0  0  0  0  0  0  0  0  0  0  0  0  0  0  0  0  0  0  0  0  0  0  0  0  0  0  0  0  0  0  0  0  0  0  0
0  0  0  0  0  0  0  0  3  0  3  0  3  0  3  0  3  0  3  0  3  0  3  0  3  0  3  0  3  0  3  0  3  0  3  0  3  0  3  0  3  0  3  0  3  0  3  0  3  0  3  0  3  0  3  0  3  0  3  0  3  0  3  0  3  0  3  0  3  0  3  0  3  0  3  0  3  0  3  0  3  0  3  0  3  0  3  0  3  0  3  0  3  0  3  0  2  2  2  2  2  2 10 10 10 10 10 10  3  0  3  0  3  0  3  0  3  0  0  0  0  0  0  0  0  0
0  0  0  0  0  0  0  0  0  0  0  0  0  0  0  0  0  0  0  0  0  0  0  0  0  0  0  0  0  0  0  0  0  0  0  0  0  0  0  0  0  0  0  0  0  0  0  0  0  0  0  0  0  0  0  0  0  0  0  0  0  0  0  0  0  0  0  0  0  0  0  0  0  0  0  0  0  0  0  0  0  0  0  0  0  0  0  0  0  0  0  0  0  0  0  0  2  2  2  2  2  2  2 10 10 10 10 10  0  0  0  0  0  0  0  0  0  0  0  0  0  0  0  0  0  0
0  0  0  0  0  0  0  0  3  0  3  0  3  0  3  0  3  0  3  0  3  0  3  0  3  0  3  0  3  0  3  0  3  0  3  0  3  0  3  0  3  0  3  0  3  0  3  0  3  0  3  0  3  0  3  0  3  0  3  0  3  0  3  0  3  0  3  0  3  0  3  0  3  0  3  0  3  0  3  0  3  0  3  0  3  0  3  0  3  0  3  0  3  0 10 10  2  2  2  2  2  2  2  2  2 10 10 10 10 10  3  0  3  0 16  0  0  0  0  0  0  0  0  0  0  0
0  0  0  0  0  0  0  0  0  0  0  0  0  0  0  0  0  0  0  0  0  0  0  0  0  0  0  0  0  0  0  0  0  0  0  0  0  0  0  0  0  0  0  0  0  0  0  0  0  0  0  0  0  0  0  0  0  0  0  0  0  0  0  0  0  0  0  0  0  0  0  0  0  0  0  0  0  0  0  0  0  0  0  0  0  0  0  0  0  0  0  0  0  0 10 10 10 10 11 11 11 11 11 11 11 11 10 10 10 10  0  0  0  0  0  0  0  0  0  0  0  0  0  0  0  0
0  0  0  0  0  0  0  0  3  0  3  0  3  0  3  0  3  0  3  0  3  0  3  0  3  0  3  0  3  0  3  0  3  0  3  0  3  0  3  0  3  0  3  0  3  0  3  0  3  0  3  0  3  0  3  0  3  0  3  0  3  0  3  0  3  0  3  0  3  0  3  0  3  0  3  0  3  0  3  0  3  0  3  0  3  0  3  0  3  0  3  0  3  0 10 10 10 10 10 10 10  2  2  2  2 11 11 11 11 11 11 11  3  0  0  0  0  0  0  0  0  0  0  0  0  0
0  0  0  0  0  0  0  0  0  0  0  0  0  0  0  0  0  0  0  0  0  0  0  0  0  0  0  0  0  0  0  0  0  0  0  0  0  0  0  0  0  0  0  0  0  0  0  0  0  0  0  0  0  0  0  0  0  0  0  0  0  0  0  0  0  0  0  0  0  0  0  0  0  0  0  0  0  0  0  0  0  0  0  0  0  0  0  0  0  0  0  0  0  0 10 10 10 10 10 10 10  2  2  2  2  2  2  2  2  2  2  2  0  0  0  0  0  0  0  0  0  0  0  0  0  0
0  0  0  0  0  0  0  0  3  0  3  0  3  0  3  0  3  0  3  0  3  0  3  0  3  0  3  0  3  0  3  0  3  0  3  0  3  0  3  0  3  0  3  0  3  0  3  0  3  0  3  0  3  0  3  0  3  0  3  0  3  0  3  0  3  0  3  0  3  0  3  0  3  0  3  0  3  0  3  0  3  0  3  0  3  0  3  0  3  0  3  0  3  0 10 10 10 10 10 10 10  2  2  2  2  2  2  2  2  2  2  2  2  2  0  0  0  0  0  0  0  0  0  0  0  0
0  0  0  0  0  0  0  0  0  0  0  0  0  0  0  0  0  0  0  0  0  0  0  0  0  0  0  0  0  0  0  0  0  0  0  0  0  0  0  0  0  0  0  0  0  0  0  0  0  0  0  0  0  0  0  0  0  0  0  0  0  0  0  0  0  0  0  0  0  0  0  0  0  0  0  0  0  0  0  0  0  0  0  0  0  0  0  0  0  0  0  0  0  0 10 10 10 10 10 10 10  2  2  6  2  2  2  2  2  2  2  2  2  2 15  0  0  0  0  0  0  0  0  0  0  0
0  0  0  0  0  0  0  0  3  0  3  0  3  0  3  0  3  0  3  0  3  0  3  0  3  0  3  0  3  0  3  0  3  0  3  0  3  0  3  0  3  0  3  0  3  0  3  0  3  0  3  0  3  0  3  0  3  0  3  0  3  0  3  0  3  0  3  0  3  0  3  0  3  0  3  0  3  0  3  0  3  0  3  0  3  0  3  0  3  0  3  0  3  0  3  0 10 10 10 10  2  2  2  2  2  2  2  2  2  2  2  2  2  2  0  0  0  0  0  0  0  0  0  0  0  0
0  0  0  0  0  0  0  0  0  0  0  0  0  0  0  0  0  0  0  0  0  0  0  0  0  0  0  0  0  0  0  0  0  0  0  0  0  0  0  0  0  0  0  0  0  0  0  0  0  0  0  0  0  0  0  0  0  0  0  0  0  0  0  0  0  0  0  0  0  0  0  0  0  0  0  0  0  0  0  0  0  0  0  0  0  0  0  0  0  0  0  0  0  0  0  0 10 10 10 10  2  2  2  2  2  2 10 10 10 10  2  2  2  2  0  0  0  0  0  0  0  0  0  0  0  0
0  0  0  0  0  0  0  0  3  0  3  0  3  0  3  0  3  0  3  0  3  0  3  0  3  0  3  0  3  0  3  0  3  0  3  0  3  0  3  0  3  0  3  0  3  0  3  0  3  0  3  0  3  0  3  0  3  0  3  0  3  0  3  0  3  0  3  0  3  0  3  0  3  0  3  0  3  0  3  0  3  0  3  0  3  0  3  0  3  0  3  0  3  0  3  0 11 11 11 11 11 11 11 11 11 11 10 10 10 10 10  2  2  2  1  1  0  0  0  0  0  0  0  0  0  0
0  0  0  0  0  0  0  0  0  0  0  0  0  0  0  0  0  0  0  0  0  0  0  0  0  0  0  0  0  0  0  0  0  0  0  0  0  0  0  0  0  0  0  0  0  0  0  0  0  0  0  0  0  0  0  0  0  0  0  0  0  0  0  0  0  0  0  0  0  0  0  0  0  0  0  0  0  0  0  0  0  0  0  0  0  0  0  0  0  0  0  0  0  0  0  0  2  2  2  2  2  2  2 10 10 10 10 10 10 10 10  2  2  2  2  2  0  0  0  0  0  0  0  0  0  0
0  0  0  0  0  0  0  0  3  0  3  0  3  0  3  0 30  0  0  0  0  0  0  3  0  3  0  3  0  3  0  3  0  2  3  0  3  0  3  0  3  0  3  0  3  0  3  0  3  0  3  0  3  0  3  0  3  0  3  0  3  0  3  0  3  0  3  0  3  0  3  0  3  0  3  0  3  0  3  0  3  0  3  0  3  0  3  0  3  0  3  0  3  0  3  0  2  2  2  2  2  2  2 10 10 10 10 10 10 10  3  0  3  0  3  0  0  0  0  0  0  0  0  0  0  0
0  0  0  0  0  0  0  0  0  0  0  0  0  0  0  0  0  0  0  0  0  0  0  0  0  0  0  0  0  0  0  0  0  2  0  0  0  0  0  0  0  0  0  0  0  0  0  0  0  0  0  0  0  0  0  0  0  0  0  0  0  0  0  0  0  0  0  0  0  0  0  0  0  0  0  0  0  0  0  0  0  0  0  0  0  0  0  0  0  0  0  0  0  0  0  0  2  2  2  2  2  2  2  2 10 10 10 10 10 10  0  0  0  0  0  0  0  0  0  0  0  0  0  0  0  0
0  0  0  0  0  0  0  0  3  0  3  0  3  0  3  0  0  0  0  0  0  0  0 35  0  0  0  0  0  0  0 27  0  0  0  0  0  0  3  0  3  0  3  0  3  0  3  0  3  0  3  0  3  0  3  0  3  0  3  0  3  0  3  0  3  0  3  0  3  0  3  0  3  0  3  0  3  0  3  0  3  0  3  0  3  0  3  0  3  0  3  0  3  0  3  0  3  0  2  2  2  2  2  2  3  0  3  0  3  0  3  0  3  0  3  0  3  0  0  0  0  0  0  0  0  0
0  0  0  0  0  0  0  0  0  0  0  0  0  0  0  0  4  0  0  0  0  0  0  0  0  0  0  0  0  0  0  0  0  0  0  0  0  0  0  0  0  0  0  0  0  0  0  0  0  0  0  0  0  0  0  0  0  0  0  0  0  0  0  0  0  0  0  0  0  0  0  0  0  0  0  0  0  0  0  0  0  0  0  0  0  0  0  0  0  0  0  0  0  0  0  0  0  0  2  2  2  2  2  2  0  0  0  0  0  0  0  0  0  0  0  0  0  0  0  0  0  0  0  0  0  0
0  0  0  0  0  0  0  0  3  0  3  0  3  0  3  0  4  4 25 23  4  4  0  0  0  0  0  0  0  0  0  0  0  0  0  0  0  0  3  0  3  0  3  0  3  0  3  0  3  0  3  0  3  0  3  0  3  0  3  0  3  0  3  0  3  0  3  0  3  0  3  0  3  0  3  0  3  0  3  0  3  0  3  0  3  0  3  0  3  0  3  0  3  0  3  0  3  0  3  0  2  2  2  2  3  0  3  0  3  0  3  0  3  0  3  0  3  0  0  0  0  0  0  0  0  0
0  0  0  0  0  0  0  0  0  0  0  0  0  0  0  0  4  4 22 20  4  4  0  0  0  0  0  0  0  0  0  0  0  0  0  0  0  0  0  0  0  0  0  0  0  0  0  0  0  0  0  0  0  0  0  0  0  0  0  0  0  0  0  0  0  0  0  0  0  0  0  0  0  0  0  0  0  0  0  0  0  0  0  0  0  0  0  0  0  0  0  0  0  0  0  0  0  0  0  0  2  2  2  2  0  0  0  0  0  0  0  0  0  0  0  0  0  0  0  0  0  0  0  0  0  0
0  0  0  0  0  0  0  0  3  0  3  0  3  0  3  0  2  2 22 20  2  1  0  0  1  1  0 -1  0  1  0  0  0  0  0  0  0  0  3  0  3  0  3  0  3  0  3  0  3  0  3  0  3  0  3  0  3  0  3  0  3  0  3  0  3  0  3  0  3  0  3  0  3  0  3  0  3  0  3  0  3  0  3  0  3  0  3  0  3  0  3  0  3  0  3  0  3  0  3  0  2  2  2  2  3  0  3  0  3  0  3  0  3  0  3  0  3  0  0  0  0  0  0  0  0  0
0  0  0  0  0  0  0  0  0  0  0  0  0  0  0  0  2  2 22 20  6  0  0  0  2  2 25 19 23  2  0  2  2  2  2  2 14  1  0  0  0  0  0  0  0  0  0  0  0  0  0  0  0  0  0  0  0  0  0  0  0  0  0  0  0  0  0  0  0  0  0  0  0  0  0  0  0  0  0  0  0  0  0  0  0  0  0  0  0  0  0  0  0  0  0  0  0  0  0  0  2  2  2  2  0  0  0  0  0  0  0  0  0  0  0  0  0  0  0  0  0  0  0  0  0  0
0  0  0  0  0  0  0  0  3  0  3  0  3  0  2  2  2  2 22 20  2  2  2  2  2  2 22 18 20  6  2  2  2  2  2  2  0  0  0  0  3  0  3  0  3  0  3  0  3  0  3  0  3  0  3  0  3  0  3  0  3  0  3  0  3  0  3  0  3  0  3  0  3  0  3  0  3  0  3  0  3  0  3  0  3  0  3  0  3  0  3  0  3  0  3  0  3  0  3  0  2  2  2  2  3  0  3  0  3  0  3  0  3  0  3  0  3  0  0  0  0  0  0  0  0  0
0  0  0  0  0  0  0  0  0  0  0  0  0  0  2  2  2  2 22 20  2  2  2  2  2  2 22 18 20  2  2  2  2  2  2  2  0  0  0  0  0  0  0  0  0  0  0  0  0  0  0  0  0  0  0  0  0  0  0  0  0  0  0  0  0  0  0  0  0  0  0  0  0  0  0  0  0  0  0  0  0  0  0  0  0  0  0  0  0  0  0  0  0  0  0  0  0  0  0  0  2  2  2  2  0  0  0  0  0  0  0  0  0  0  0  0  0  0  0  0  0  0  0  0  0  0
0  0  0  0  0  0  0  0  3  0  3  0  3  0 25 19 19 19 18 18 19 19 19 19 19 19 18 18 20  2  2  2  2  2  2  2  0 -1  0  0  3  0  3  0  3  0  3  0  3  0 10 10 10  2  2  2  2  2  2  6  2  2  2  2  2  2  0  0  2  2  3  0  3  0  3  0  3  0 10 10 10 10 17  0  0  0  0  0  3  0  3  0  3  0  3  0  2  2  2  2  2  2  2  2  2  2  2  2  3  0  3  0  3  0  3  0  3  0  0  0  0  0  0  0  0  0
0  0  0  0  0  0  0  0  0  0  0  0  0  0 26 21 21 21 21 21 21 21 21 21 21 21 21 18 20  2  2 13  1  1  1  2  2 25 23  2  0  0  0  0  0  0  0  0  0  0 10 10 10  2  2  2  2  2  2  2  2  2  2  2  2  2  2  2  2  2  0  0  0  0  0  0  0  0 10 10 10 10  0  0  0  0  0  0  0  0  0  0  0  0  0  0  2  2  2  2  2  2  2  2  2 14  1  1  0  0  0  0  0  0  0  0  0  0  0  0  0  0  0  0  0  0
0  0  0  0  0  0  0  0  3  0  3  0  3  0 31  0  0  0  0  3  0  2  2  2  2  2  2 22 20  2  2  0  0  0  0  2  2 22 20  2  3  0  3  0 10 10 10 10 10 10 10 10 10  2  2  2  2  2  2  2  2  2  2  2  2  2  2  2  2  2  2  2  2  2  2  4  3  0 10 10 10 10  0  0  0  0  0  0  3  0  3  0  3  0  2  2 12  1  1  1  2  2  2  2  2  0  0  0  0  2  3  0  3  0  3  0  3  0  0  0  0  0  0  0  0  0
0  0  0  0  0  0  0  0  0  0  0  0  0  0  0  0  0  0  0  0  0  2  2  2  2  2  2 22 20  2  2  0  0  0  0  2  2 22 20  2  0  0  0  0 10 10 10 10 10 10 10 10  2  2  2  2  2  2  2  2  2  2  2  2  2  2  2  2  2  2  2  2  2  2  4  2  0  0  2 10 10 10  0  0  0  0  0  0  0  0  0  0  0  0  2  4  0  0  0  0  2  2  2  2  2  0  0  0  0  2  0  0  0  0  0  0  0  0  0  0  0  0  0  0  0  0
0  0  0  0  0  0  0  0  3  0  3  0  3  0  0  0  0  0  0  3  0 29  1  1  1  2  2 22 20  6  2  0 -1  0  0  2  2 22 20  2  2  2  2  2  2 10 10 10 10 10 10 10  2  2  2  2  3  0 11 11  2  2 11 11 11 11 11 11  2  2  2  2  3  0  2  4  3  0  2  2 10 10  0  0  0  0  0  0  3  0  3  0  3  0  4  2  0  0  0  0  2  2  2  2  2  0 -1  0  0  2  3  0  3  0  3  0  3  0  0  0  0  0  0  0  0  0
0  0  0  0  0  0  0  0  0  0  0  0  0  0  0  0  0  0  0  0  0  0  0  0  0  2  2 22 18 19 19 19 19 19 19 19 19 18 18 23  2  2  2  2  2  2 10 10 10 10  2  2  2  2  2  2  0  0  2  2  2  2 10 10 10 10 10  2  3  0  3  0  0  0  2  2  0  0  2  2  2  2  1  1  1  1  1  1  0  0  0  0  0  0  2  4  0 -1  0  0  2  2  2  2  2  2  2  2  2  2  0  0  0  0  0  0  0  0  0  0  0  0  0  0  0  0
0  0  0  0  0  0  0  0  3  0  3  0  3  0 32  0  0  0  0  3  0  0  0  0  0  2  2 22 18 21 21 21 21 21 21 21 21 21 21 24  2  2  2  2  2  2  2  2  2  2  2  2  2  2  3  0  3  0  2  2 10 10 10 10 10 10 10  2  0  0  0  0  3  0  3  0  3  0  2  2  2  2  2  2  2  2  2  2  2  2  3  0  3  0  4  2  2  2  2  2  2  2  2  4  2  2  2  2  2  2  2  2  3  0  3  0  3  0  0  0  0  0  0  0  0  0
0  0  0  0  0  0  0  0  0  0  0  0  0  0  0  0  0  0  0  0  0  0 -1  0  0  2  2 22 20  2  2  2  2  2  2  2  2  2  2  2  2  2  2  2  2  2  2  2  2  2  2  2  2  2  0  0  0  0  2 10 10 10 10 10 10 10  2  2  3  0  3  0  0  0  0  0  0  0  2  2  2  2  6  2  2  2  2  2  2  2  0  0  0  0  2  2  2  2  2  2  2  4  2  6  2  2  2  2  2  2  2  2  0  0  0  0  0  0  0  0  0  0  0  0  0  0
0  0  0  0  0  0  0  0  3  0  3  0  3  0  0  0  0  0  0  2  2  2  5  2  2  2  2 22 20  2  2  2  2  2  2  2  2  2  3  0  3  0  3  0  3  0  3  0  3  0  2  2  2  2  3  0  3  0 10 10 10 10 10 10  2  2  2  2  0  0  0  0  3  0  3  0  3  0  2  2  2  2  2  2  2  2  2  2  2  2  2  2  2  2  2  2  2  2  2  2  2  2  4  2  2  2  2  2  2  2  2  2  3  0  3  0  3  0  0  0  0  0  0  0  0  0
0  0  0  0  0  0  0  0  0  0  0  0  0  0  0  0  0  0  0  2  2  2  2  2  2  2  2 22 20  2 28  0  0  0  0  0  0  0  0  0  0  0  0  0  0  0  0  0  0  0  2  2  3  0  0  0  0  0 10 10 10 10  2  2  2  2  2  2  3  0  3  0  0  0  0  0  0  0  2  2  2  2  2  2  2  2  2  2  2  2  2  2  2  2  2  2  2  2  2  2  2  2  2  2  2  2  2  2  2  2  2  2  0  0  0  0  0  0  0  0  0  0  0  0  0  0
0  0  0  0  0  0  0  0  3  0  3  0  3  0  0  0  0  0  0  2  2  2  2  2  2  2  2 22 20  2  0  0  0  0  0  0  0  0  3  0  3  0  3  0  3  0  3  0 10 10  2  2  0  0  3  0  3  0 10 10 10  2  2  2  2  2  2  2  0  0  0  0 10 10  3  0  3  0  2  2  2  2  2  2  2  2  2  2  2  2  3  0  3  0  2  2  2  2  2  2  2  2  2  2  2  2  2  2  2  2  3  0  3  0  3  0  3  0  0  0  0  0  0  0  0  0
0  0  0  0  0  0  0  0  0  0  0  0  0  0 33  0  0  0  0  0  0  0  0  0  2  2  2 22 20  2  0  0  0  0  0  0  0  0  0  0  0  0  0  0  0  0  0  0 10 10 11 11 11 11  0  0  0  0 10 10  2  2  2  3  0  2  2  2  2  2 10 10 10 10  0  0  0  0  2  2  2  2  2  2  2  2  2  2  2  2  0  0  0  0  2  2  2 13  1  1  1  2  2  2  2  2 12  1  1  1  0  0  0  0  0  0  0  0  0  0  0  0  0  0  0  0
0  0  0  0  0  0  0  0  3  0  3  0  3  0  0  0  0  0  0  0  0  0  0  0  3  0  4 22 20  4  2  0 -1  0  0  4  4  0  3  0  3  0  3  0  3  0  3  0 10 10 10  2  2  2  3  0  3  0  3  0  2  2  2  0  0  3  0  2  2  2 10 10 10 10 10  2  2  2  2  2  2  2  2  2  2  2  3  0  3  0  3  0  3  0  2  2  2  0  0  0  0  2  2  2  2  2  0  0  0  0  3  0  3  0  3  0  3  0  0  0  0  0  0  0  0  0
0  0  0  0  0  0  0  0  0  0  0  0  0  0  0  0  0  0  0  0  0  0  0  0  0  0  2 22 18 19 19 19 19 23  2  4  4  0  0  0  0  0  0  0  0  0  0  0 10 10 10  2  2  2  0  0  0  0  0  0  2  2 10 10 10  0  0  2  2  2  2 10 10 10  2  2  2  2  2  2  2  2  2  2  2  2  0  0  0  0  0  0  0  0  2  2  2  0  0  0  0  2  2  2  2  2  0  0  0  0  0  0  0  0  0  0  0  0  0  0  0  0  0  0  0  0
0  0  0  0  0  0  0  0  3  0  3  0  3  0  0  0  0  0  0  0  0  0  0  0  3  0  4 26 21 21 21 21 21 24  2  2  2  0  3  0  3  0  3  0  3  0  3  0 10 10 10 10  3  0  3  0  3  0  3  0  2 10 10 10 10 10 10 10  2  2  2  2  2  2  2  2  2  2  2  2  2  2  3  0  3  0  3  0  3  0  3  0  3  0  3  0  2  0 -1  0  0  2  2  2  2  2  0 -1  0  0  3  0  3  0  3  0  3  0  0  0  0  0  0  0  0  0
0  0  0  0  0  0  0  0  0  0  0  0  0  0  0  0  0  0  0 34  0  0  0  0  0  0  2  2  2  2  2  2  2  2  2  2  2  2  0  0  0  0  0  0  0  0  0  0 10 10 10 10  0  0  0  0  0  0  0  0  2 10 10 10 10 10 10 10 10  2  2  2  2  2  2  2  2  2  2  2  2  2  0  0  0  0  0  0  0  0  0  0  0  0  0  0  2  2  2  2  2  2  2  2  2  2  2  2  2  2  0  0  0  0  0  0  0  0  0  0  0  0  0  0  0  0
0  0  0  0  0  0  0  0  0  3  0  3  0  3  0  3  0  3  0  3  0  3  0  1  3  0  3  0  3  0  3  0  3  0  3  0  3  0  3  0  3  0  3  0  3  0  3  0  3  0  3  0  3  0  3  0  3  0  3  0  3  0  3  0  3  0 10 10 10 10  2  2  2  2  3  0  3  0  3  0  3  0  3  0  3  0  3  0  3  0  3  0  3  0  3  0  2  2  2  2  2  2  2  2  2  2  2  2  3  0  3  0  3  0  3  0  3  0  0  0  0  0  0  0  0  0
0  0  0  0  0  0  0  0  0  0  0  0  0  0  0  0  0  0  0  0  0  0  0  2  0  0  0  0  0  0  0  0  0  0  0  0  0  0  0  0  0  0  0  0  0  0  0  0  0  0  0  0  0  0  0  0  0  0  0  0  0  0  0  0  0  0 10 10 10 10  2  2  2  2  0  0  0  0  0  0  0  0  0  0  0  0  0  0  0  0  0  0  0  0  0  0  2  2  2  2  2  2  2  2  2  2  2  2  0  0  0  0  0  0  0  0  0  0  0  0  0  0  0  0  0  0
0  0  0  0  0  0  0  0  3  0  3  0  3  0  3  0  3  0  3  0  3  0  3  0  3  0  3  0  3  0  3  0  3  0  3  0  3  0  3  0  3  0  3  0  3  0  3  0  3  0  3  0  3  0  3  0  3  0  3  0  3  0  3  0  3  0  3  0  3  0  3  0  3  0  3  0  3  0  3  0  3  0  3  0  3  0  3  0  3  0  3  0  3  0  3  0  3  0  3  0  2  2  2  2  3  0  3  0  3  0  3  0  3  0  3  0  3  0  0  0  0  0  0  0  0  0
0  0  0  0  0  0  0  0  0  0  0  0  0  0  0  0  0  0  0  0  0  0  0  0  0  0  0  0  0  0  0  0  0  0  0  0  0  0  0  0  0  0  0  0  0  0  0  0  0  0  0  0  0  0  0  0  0  0  0  0  0  0  0  0  0  0  0  0  0  0  0  0  0  0  0  0  0  0  0  0  0  0  0  0  0  0  0  0  0  0  0  0  0  0  0  0  0  0  0  0  2  2  2  2  0  0  0  0  0  0  0  0  0  0  0  0  0  0  0  0  0  0  0  0  0  0
0  0  0  0  0  0  0  0  3  0  3  0  3  0  3  0  3  0  3  0  3  0  3  0  3  0  3  0  3  0  3  0  3  0  3  0  3  0  3  0  3  0  3  0  3  0  3  0  3  0  3  0  3  0  3  0  3  0  3  0  3  0  3  0  3  0  3  0  3  0  3  0  3  0  3  0  3  0  3  0  3  0  3  0  3  0  3  0  3  0  3  0  3  0 10 10 10  2  2  2  2  2  2  2  2 10 10 10  3  0  3  0  3  0  3  0  3  0  0  0  0  0  0  0  0  0
0  0  0  0  0  0  0  0  0  0  0  0  0  0  0  0  0  0  0  0  0  0  0  0  0  0  0  0  0  0  0  0  0  0  0  0  0  0  0  0  0  0  0  0  0  0  0  0  0  0  0  0  0  0  0  0  0  0  0  0  0  0  0  0  0  0  0  0  0  0  0  0  0  0  0  0  0  0  0  0  0  0  0  0  0  0  0  0  0  0  0  0  0  0 10 10 10 10  2  2  2  2  2  2 10 10 10 10  0  0  0  0  0  0  0  0  0  0  0  0  0  0  0  0  0  0
0  0  0  0  0  0  0  0  3  0  3  0  3  0  3  0  3  0  3  0  3  0  3  0  3  0  3  0  3  0  3  0  3  0  3  0  3  0  3  0  3  0  3  0  3  0  3  0  3  0  3  0  3  0  3  0  3  0  3  0  3  0  3  0  3  0  3  0  3  0  3  0  3  0  3  0  3  0  3  0  3  0  3  0  3  0  3  0  3  0  3  0 10 10 10 10 10 10  2  2  2  2  2  2 10 10 10 10 10 10  3  0  3  0  3  0  3  0  0  0  0  0  0  0  0  0
0  0  0  0  0  0  0  0  0  0  0  0  0  0  0  0  0  0  0  0  0  0  0  0  0  0  0  0  0  0  0  0  0  0  0  0  0  0  0  0  0  0  0  0  0  0  0  0  0  0  0  0  0  0  0  0  0  0  0  0  0  0  0  0  0  0  0  0  0  0  0  0  0  0  0  0  0  0  0  0  0  0  0  0  0  0  0  0  0  0  0  0 10 10 10 10 10  2  2  2  2  2  2  2 10 10 10 10 10 10  0  0  0  0  0  0  0  0  0  0  0  0  0  0  0  0
0  0  0  0  0  0  0  0  3  0  3  0  3  0  3  0  3  0  3  0  3  0  3  0  3  0  3  0  3  0  3  0  3  0  3  0  3  0  3  0  3  0  3  0  3  0  3  0  3  0  3  0  3  0  3  0  3  0  3  0  3  0  3  0  3  0  3  0  3  0  3  0  3  0  3  0  3  0  3  0  3  0  3  0  3  0  3  0  3  0  3  0  3  0 10 10  2  2 11 11 11 11 11  3  0 10 10 10 10  2  2  2  3  0  3  0  3  0  0  0  0  0  0  0  0  0
0  0  0  0  0  0  0  0  0  0  0  0  0  0  0  0  0  0  0  0  0  0  0  0  0  0  0  0  0  0  0  0  0  0  0  0  0  0  0  0  0  0  0  0  0  0  0  0  0  0  0  0  0  0  0  0  0  0  0  0  0  0  0  0  0  0  0  0  0  0  0  0  0  0  0  0  0  0  0  0  0  0  0  0  0  0  0  0  0  0  0  0  0  0 11 11 11 11 11  2  2  2  2  0  0  3  0  2  2  2  2  2  0  0  0  0  0  0  0  0  0  0  0  0  0  0
0  0  0  0  0  0  0  0  3  0  3  0  3  0  3  0  3  0  3  0  3  0  3  0  3  0  3  0  3  0  3  0  3  0  3  0  3  0  3  0  3  0  3  0  3  0  3  0  3  0  3  0  3  0  3  0  3  0  3  0  3  0  3  0  3  0  3  0  3  0  3  0  3  0  3  0  3  0  3  0  3  0  3  0  3  0  3  0  3  0  3  0  3  0  2  2  2  2  2  2  2  2  2  3  0  0  0  2  2  2  2  2  3  0  3  0  3  0  0  0  0  0  0  0  0  0
0  0  0  0  0  0  0  0  0  0  0  0  0  0  0  0  0  0  0  0  0  0  0  0  0  0  0  0  0  0  0  0  0  0  0  0  0  0  0  0  0  0  0  0  0  0  0  0  0  0  0  0  0  0  0  0  0  0  0  0  0  0  0  0  0  0  0  0  0  0  0  0  0  0  0  0  0  0  0  0  0  0  0  0  0  0  0  0  0  0  0  0  0  0  3  0  2  6  2  2  2  2  2  0  0 10 10  2  2  2  2  2  0  0  0  0  0  0  0  0  0  0  0  0  0  0
0  0  0  0  0  0  0  0  3  0  3  0  3  0  3  0  3  0  3  0  3  0  3  0  3  0  3  0  3  0  3  0  3  0  3  0  3  0  3  0  3  0  3  0  3  0  3  0  3  0  3  0  3  0  3  0  3  0  3  0  3  0  3  0  3  0  3  0  3  0  3  0  3  0  3  0  3  0  3  0  3  0  3  0  3  0  3  0  3  0  3  0  3  0  0  0  2  2  2  2  2  2  2 10 10 10 10 10  2  2  2  2  3  0  3  0  3  0  0  0  0  0  0  0  0  0
0  0  0  0  0  0  0  0  0  0  0  0  0  0  0  0  0  0  0  0  0  0  0  0  0  0  0  0  0  0  0  0  0  0  0  0  0  0  0  0  0  0  0  0  0  0  0  0  0  0  0  0  0  0  0  0  0  0  0  0  0  0  0  0  0  0  0  0  0  0  0  0  0  0  0  0  0  0  0  0  0  0  0  0  0  0  0  0  0  0  0  0  0  0  3  0  2  2  2  2  2  2  2 10 10 10 10 10 10  2  2  2  0  0  0  0  0  0  0  0  0  0  0  0  0  0
0  0  0  0  0  0  0  0  3  0  3  0  3  0  3  0  3  0  3  0  3  0  3  0  3  0  3  0  3  0  3  0  3  0  3  0  3  0  3  0  3  0  3  0  3  0  3  0  3  0  3  0  3  0  3  0  3  0  3  0  3  0  3  0  3  0  3  0  3  0  3  0  3  0  3  0  3  0  3  0  3  0  3  0  3  0  3  0  3  0  3  0  3  0  0  0  2  2  2  2  2  2  2 10 10 10 10 10 10  2  2  2  3  0  3  0  3  0  0  0  0  0  0  0  0  0
0  0  0  0  0  0  0  0  0  0  0  0  0  0  0  0  0  0  0  0  0  0  0  0  0  0  0  0  0  0  0  0  0  0  0  0  0  0  0  0  0  0  0  0  0  0  0  0  0  0  0  0  0  0  0  0  0  0  0  0  0  0  0  0  0  0  0  0  0  0  0  0  0  0  0  0  0  0  0  0  0  0  0  0  0  0  0  0  0  0  0  0  0  0 10 10  2  2  2  2 11 11 11 11 10 10 10 10 10  2  2  2  0  0  0  0  0  0  0  0  0  0  0  0  0  0
0  0  0  0  0  0  0  0  3  0  3  0  3  0  3  0  3  0  3  0  3  0  3  0  3  0  3  0  3  0  3  0  3  0  3  0  3  0  3  0  3  0  3  0  3  0  3  0  3  0  3  0  3  0  3  0  3  0  3  0  3  0  3  0  3  0  3  0  3  0  3  0  3  0  3  0  3  0  3  0  3  0  3  0  3  0  3  0  3  0  3  0 10 10 10 10 10  2  2  2  2  2  2  2  3  0 10 10  2  2  3  0  3  0  3  0  3  0  0  0  0  0  0  0  0  0
0  0  0  0  0  0  0  0  0  0  0  0  0  0  0  0  0  0  0  0  0  0  0  0  0  0  0  0  0  0  0  0  0  0  0  0  0  0  0  0  0  0  0  0  0  0  0  0  0  0  0  0  0  0  0  0  0  0  0  0  0  0  0  0  0  0  0  0  0  0  0  0  0  0  0  0  0  0  0  0  0  0  0  0  0  0  0  0  0  0  0  0 10 10 10 10 10 10  2  2  2  2  2  2  0  0 10 10  2  2  0  0  0  0  0  0  0  0  0  0  0  0  0  0  0  0
0  0  0  0  0  0  0  0  3  0  3  0  3  0  3  0  3  0  3  0  3  0  3  0  3  0  3  0  3  0  3  0  3  0  3  0  3  0  3  0  3  0  3  0  3  0  3  0  3  0  3  0  3  0  3  0  3  0  3  0  3  0  3  0  3  0  3  0  3  0  3  0  3  0  3  0  3  0  3  0  3  0  3  0  3  0  3  0  3  0  3  0  3  0 10 10 10 10  2  2  2  2  2  2  3  0  3  0  3  0  3  0  3  0  3  0  3  0  0  0  0  0  0  0  0  0
0  0  0  0  0  0  0  0  0  0  0  0  0  0  0  0  0  0  0  0  0  0  0  0  0  0  0  0  0  0  0  0  0  0  0  0  0  0  0  0  0  0  0  0  0  0  0  0  0  0  0  0  0  0  0  0  0  0  0  0  0  0  0  0  0  0  0  0  0  0  0  0  0  0  0  0  0  0  0  0  0  0  0  0  0  0  0  0  0  0  0  0  0  0 10 10 10  2  2  2  2  2  2  2  0  0  0  0  0  0  0  0  0  0  0  0  0  0  0  0  0  0  0  0  0  0
0  0  0  0  0  0  0  0  3  0  3  0  3  0  3  0  3  0  3  0  3  0  3  0  3  0  3  0  3  0  3  0  3  0  3  0  3  0  3  0  3  0  3  0  3  0  3  0  3  0  3  0  3  0  3  0  3  0  3  0  3  0  3  0  3  0  3  0  3  0  3  0  3  0  3  0  3  0  3  0  3  0  3  0  3  0  3  0  3  0  3  0  3  0  3  0  3  0  3  0  3  0  2  2  3  0  3  0  3  0  3  0  3  0  3  0  3  0  0  0  0  0  0  0  0  0
0  0  0  0  0  0  0  0  0  0  0  0  0  0  0  0  0  0  0  0  0  0  0  0  0  0  0  0  0  0  0  0  0  0  0  0  0  0  0  0  0  0  0  0  0  0  0  0  0  0  0  0  0  0  0  0  0  0  0  0  0  0  0  0  0  0  0  0  0  0  0  0  0  0  0  0  0  0  0  0  0  0  0  0  0  0  0  0  0  0  0  0  0  0  0  0  0  0  0  0  0  0  2  2  0  0  0  0  0  0  0  0  0  0  0  0  0  0  0  0  0  0  0  0  0  0
0  0  0  0  0  0  0  0  3  0  3  0  3  0  3  0  3  0  3  0  3  0  3  0  3  0  3  0  3  0  3  0  3  0  3  0  3  0  3  0  3  0  3  0  3  0  3  0  3  0  3  0  3  0  3  0  3  0  3  0  3  0  3  0  3  0  3  0  3  0  3  0  3  0  3  0  3  0  3  0  3  0  3  0  3  0  3  0  3  0  3  0  3  0  3  0  3  0  3  0  3  0  2  2  3  0  3  0  3  0  3  0  3  0  3  0  3  0  0  0  0  0  0  0  0  0
0  0  0  0  0  0  0  0  0  0  0  0  0  0  0  0  0  0  0  0  0  0  0  0  0  0  0  0  0  0  0  0  0  0  0  0  0  0  0  0  0  0  0  0  0  0  0  0  0  0  0  0  0  0  0  0  0  0  0  0  0  0  0  0  0  0  0  0  0  0  0  0  0  0  0  0  0  0  0  0  0  0  0  0  0  0  0  0  0  0  0  0  0  0  0  0  0  0  0  0  0  0  2  2  0  0  0  0  0  0  0  0  0  0  0  0  0  0  0  0  0  0  0  0  0  0
0  0  0  0  0  0  0  0  3  0  3  0  3  0  3  0  3  0  3  0  3  0  3  0  3  0  3  0  3  0  3  0  3  0  3  0  3  0  3  0  3  0  3  0  3  0  3  0  3  0  3  0  3  0  3  0  3  0  3  0  3  0  3  0  3  0  3  0  3  0  3  0  3  0  3  0  3  0  3  0  3  0  3  0  3  0  3  0  3  0  3  0  3  0  2  2  2  2  2  2  2  2  2  2  2  2  2  2  2  2  3  0  3  0  3  0  3  0  0  0  0  0  0  0  0  0
0  0  0  0  0  0  0  0  0  0  0  0  0  0  0  0  0  0  0  0  0  0  0  0  0  0  0  0  0  0  0  0  0  0  0  0  0  0  0  0  0  0  0  0  0  0  0  0  0  0  0  0  0  0  0  0  0  0  0  0  0  0  0  0  0  0  0  0  0  0  0  0  0  0  0  0  0  0  0  0  0  0  0  0  0  0  0  0  0  0  0  0  0  0  2  2  2  2  2  2  2  2  2  2  2  2  2  2  2  2  0  0  0  0  0  0  0  0  0  0  0  0  0  0  0  0
0  0  0  0  0  0  0  0  3  0  3  0  3  0  3  0  3  0  3  0  3  0  3  0  3  0  3  0  3  0  3  0  3  0  3  0  3  0  3  0  3  0  3  0  3  0  3  0  3  0  3  0  3  0  3  0  3  0  3  0  3  0  3  0  3  0  3  0  3  0  3  0  3  0  3  0  3  0  3  0  3  0  3  0  3  0  3  0  3  0  3  0  2  2  7  1  1  1  1  2  2  2  2  2  2  8  1  1  1  1  2  2  3  0  3  0  3  0  0  0  0  0  0  0  0  0
0  0  0  0  0  0  0  0  0  0  0  0  0  0  0  0  0  0  0  0  0  0  0  0  0  0  0  0  0  0  0  0  0  0  0  0  0  0  0  0  0  0  0  0  0  0  0  0  0  0  0  0  0  0  0  0  0  0  0  0  0  0  0  0  0  0  0  0  0  0  0  0  0  0  0  0  0  0  0  0  0  0  0  0  0  0  0  0  0  0  0  0  2  2  0  0  0  0  0  2  2  2  2  2  2  0  0  0  0  0  2  2  0  0  0  0  0  0  0  0  0  0  0  0  0  0
0  0  0  0  0  0  0  0  3  0  3  0  3  0  3  0  3  0  3  0  3  0  3  0  3  0  3  0  3  0  3  0  3  0  3  0  3  0  3  0  3  0  3  0  3  0  3  0  3  0  3  0  3  0  3  0  3  0  3  0  3  0  3  0  3  0  3  0  3  0  3  0  3  0  3  0  3  0  3  0  3  0  3  0  3  0  3  0  3  0  3  0  2  2  0  0  0  0  0  2  2  2  2  2  2  0  0  0  0  0  2  2  3  0  3  0  3  0  0  0  0  0  0  0  0  0
0  0  0  0  0  0  0  0  0  0  0  0  0  0  0  0  0  0  0  0  0  0  0  0  0  0  0  0  0  0  0  0  0  0  0  0  0  0  0  0  0  0  0  0  0  0  0  0  0  0  0  0  0  0  0  0  0  0  0  0  0  0  0  0  0  0  0  0  0  0  0  0  0  0  0  0  0  0  0  0  0  0  0  0  0  0  0  0  0  0  0  0  2  2  0  0  0  0  0  2  2  2  2  2  2  0  0  0  0  0  2  4  0  0  0  0  0  0  0  0  0  0  0  0  0  0
0  0  0  0  0  0  0  0  3  0  3  0  3  0  3  0  3  0  3  0  3  0  3  0  3  0  3  0  3  0  3  0  3  0  3  0  3  0  3  0  3  0  3  0  3  0  3  0  3  0  3  0  3  0  3  0  3  0  3  0  3  0  3  0  3  0  3  0  3  0  3  0  3  0  3  0  3  0  3  0  3  0  3  0  3  0  3  0  3  0  3  0  4  2  0  0  0 -1  0  6  2  2  2  2  6  0 -1  0  0  0  4  2  3  0  3  0  3  0  0  0  0  0  0  0  0  0
0  0  0  0  0  0  0  0  0  0  0  0  0  0  0  0  0  0  0  0  0  0  0  0  0  0  0  0  0  0  0  0  0  0  0  0  0  0  0  0  0  0  0  0  0  0  0  0  0  0  0  0  0  0  0  0  0  0  0  0  0  0  0  0  0  0  0  0  0  0  0  0  0  0  0  0  0  0  0  0  0  0  0  0  0  0  0  0  0  0  0  0  2  4  2  2  2  5  2  2  2  2  2  2  2  2  5  2  2  2  2  4  0  0  0  0  0  0  0  0  0  0  0  0  0  0
0  0  0  0  0  0  0  0  3  0  3  0  3  0  3  0  3  0  3  0  3  0  3  0  3  0  3  0  3  0  3  0  3  0  3  0  3  0  3  0  3  0  3  0  3  0  3  0  3  0  3  0  3  0  3  0  3  0  3  0  3  0  3  0  3  0  3  0  3  0  3  0  3  0  3  0  3  0  3  0  3  0  3  0  3  0  3  0  3  0  3  0  5  2  2  4  2  2  2  2  2  2  2  2  2  2  2  2  4  2  4  2  3  0  3  0  3  0  0  0  0  0  0  0  0  0
0  0  0  0  0  0  0  0  0  0  0  0  0  0  0  0  0  0  0  0  0  0  0  0  0  0  0  0  0  0  0  0  0  0  0  0  0  0  0  0  0  0  0  0  0  0  0  0  0  0  0  0  0  0  0  0  0  0  0  0  0  0  0  0  0  0  0  0  0  0  0  0  0  0  0  0  0  0  0  0  0  0  0  0  0  0  0  0  0  0  0  0  2  2  2  2  2  2  2  2  2  2  2  2  2  2  2  2  2  2  2  2  0  0  0  0  0  0  0  0  0  0  0  0  0  0
0  0  0  0  0  0  0  0  3  0  3  0  3  0  3  0  3  0  3  0  3  0  3  0  3  0  3  0  3  0  3  0  3  0  3  0  3  0  3  0  3  0  3  0  3  0  3  0  3  0  3  0  3  0  3  0  3  0  3  0  3  0  3  0  3  0  3  0  3  0  3  0  3  0  3  0  3  0  3  0  3  0  3  0  3  0  3  0  3  0  3  0  2  2  2  9  1  1  1  1  1  1  2  2  2  2  2  2  2  2  2  2  3  0  3  0  3  0  0  0  0  0  0  0  0  0
0  0  0  0  0  0  0  0  0  0  0  0  0  0  0  0  0  0  0  0  0  0  0  0  0  0  0  0  0  0  0  0  0  0  0  0  0  0  0  0  0  0  0  0  0  0  0  0  0  0  0  0  0  0  0  0  0  0  0  0  0  0  0  0  0  0  0  0  0  0  0  0  0  0  0  0  0  0  0  0  0  0  0  0  0  0  0  0  0  0  0  0  2  2  2  0  0  0  0  0  0  0  2  2  2  2  2  6  2  2  2  2  0  0  0  0  0  0  0  0  0  0  0  0  0  0
0  0  0  0  0  0  0  0  3  0  3  0  3  0  3  0  3  0  3  0  3  0  3  0  3  0  3  0  3  0  3  0  3  0  3  0  3  0  3  0  3  0  3  0  3  0  3  0  3  0  3  0  3  0  3  0  3  0  3  0  3  0  3  0  3  0  3  0  3  0  3  0  3  0  3  0  3  0  3  0  3  0  3  0  3  0  3  0  3  0  3  0  2  2  2  0  0  0  0  0  0  0  2  2  2  2  2  2  2  2  2  2  3  0  3  0  3  0  0  0  0  0  0  0  0  0
0  0  0  0  0  0  0  0  0  0  0  0  0  0  0  0  0  0  0  0  0  0  0  0  0  0  0  0  0  0  0  0  0  0  0  0  0  0  0  0  0  0  0  0  0  0  0  0  0  0  0  0  0  0  0  0  0  0  0  0  0  0  0  0  0  0  0  0  0  0  0  0  0  0  0  0  0  0  0  0  0  0  0  0  0  0  0  0  0  0  0  0  2  2  2  0  0  0  0  0  0  0  2  2  2  2  2  2  2  2  2  2  0  0  0  0  0  0  0  0  0  0  0  0  0  0
0  0  0  0  0  0  0  0  3  0  3  0  3  0  3  0  3  0  3  0  3  0  3  0  3  0  3  0  3  0  3  0  3  0  3  0  3  0  3  0  3  0  3  0  3  0  3  0  3  0  3  0  3  0  3  0  3  0  3  0  3  0  3  0  3  0  3  0  3  0  3  0  3  0  3  0  3  0  3  0  3  0  3  0  3  0  3  0  3  0  3  0  2  2  2  0  0  0  0 -1  0  0  2  2  2  2  2  2  2  2  3  0  3  0  3  0  3  0  0  0  0  0  0  0  0  0
0  0  0  0  0  0  0  0  0  0  0  0  0  0  0  0  0  0  0  0  0  0  0  0  0  0  0  0  0  0  0  0  0  0  0  0  0  0  0  0  0  0  0  0  0  0  0  0  0  0  0  0  0  0  0  0  0  0  0  0  0  0  0  0  0  0  0  0  0  0  0  0  0  0  0  0  0  0  0  0  0  0  0  0  0  0  0  0  0  0  0  0  2  2  2  4  4  4  6  5  2  2  2  2  2  2  2  2  2  2  0  0  0  0  0  0  0  0  0  0  0  0  0  0  0  0
0  0  0  0  0  0  0  0  3  0  3  0  3  0  3  0  3  0  3  0  3  0  3  0  3  0  3  0  3  0  3  0  3  0  3  0  3  0  3  0  3  0  3  0  3  0  3  0  3  0  3  0  3  0  3  0  3  0  3  0  3  0  3  0  3  0  3  0  3  0  3  0  3  0  3  0  3  0  3  0  3  0  3  0  3  0  3  0  3  0  3  0  3  0  2  4  4  4  2  2  2  2  2  2  2  2  2  2  3  0  3  0  3  0  3  0  3  0  0  0  0  0  0  0  0  0
0  0  0  0  0  0  0  0  0  0  0  0  0  0  0  0  0  0  0  0  0  0  0  0  0  0  0  0  0  0  0  0  0  0  0  0  0  0  0  0  0  0  0  0  0  0  0  0  0  0  0  0  0  0  0  0  0  0  0  0  0  0  0  0  0  0  0  0  0  0  0  0  0  0  0  0  0  0  0  0  0  0  0  0  0  0  0  0  0  0  0  0  0  0  2  2  2  2  2  2  2  2  2  2  2  2  2  2  0  0  0  0  0  0  0  0  0  0  0  0  0  0  0  0  0  0
0  0  0  0  0  0  0  0  3  0  3  0  3  0  3  0  3  0  3  0  3  0  3  0  3  0  3  0  3  0  3  0  3  0  3  0  3  0  3  0  3  0  3  0  3  0  3  0  3  0  3  0  3  0  3  0  3  0  3  0  3  0  3  0  3  0  3  0  3  0  3  0  3  0  3  0  3  0  3  0  3  0  3  0  3  0  3  0  3  0  3  0  3  0  3  0  3  0  3  0  3  0  3  0  3  0  3  0  3  0  3  0  3  0  3  0  3  0  0  0  0  0  0  0  0  0
0  0  0  0  0  0  0  0  0  0  0  0  0  0  0  0  0  0  0  0  0  0  0  0  0  0  0  0  0  0  0  0  0  0  0  0  0  0  0  0  0  0  0  0  0  0  0  0  0  0  0  0  0  0  0  0  0  0  0  0  0  0  0  0  0  0  0  0  0  0  0  0  0  0  0  0  0  0  0  0  0  0  0  0  0  0  0  0  0  0  0  0  0  0  0  0  0  0  0  0  0  0  0  0  0  0  0  0  0  0  0  0  0  0  0  0  0  0  0  0  0  0  0  0  0  0
0  0  0  0  0  0  0  0  0  0  0  0  0  0  0  0  0  0  0  0  0  0  0  0  0  0  0  0  0  0  0  0  0  0  0  0  0  0  0  0  0  0  0  0  0  0  0  0  0  0  0  0  0  0  0  0  0  0  0  0  0  0  0  0  0  0  0  0  0  0  0  0  0  0  0  0  0  0  0  0  0  0  0  0  0  0  0  0  0  0  0  0  0  0  0  0  0  0  0  0  0  0  0  0  0  0  0  0  0  0  0  0  0  0  0  0  0  0  0  0  0  0  0  0  0  0
0  0  0  0  0  0  0  0  0  0  0  0  0  0  0  0  0  0  0  0  0  0  0  0  0  0  0  0  0  0  0  0  0  0  0  0  0  0  0  0  0  0  0  0  0  0  0  0  0  0  0  0  0  0  0  0  0  0  0  0  0  0  0  0  0  0  0  0  0  0  0  0  0  0  0  0  0  0  0  0  0  0  0  0  0  0  0  0  0  0  0  0  0  0  0  0  0  0  0  0  0  0  0  0  0  0  0  0  0  0  0  0  0  0  0  0  0  0  0  0  0  0  0  0  0  0
0  0  0  0  0  0  0  0  0  0  0  0  0  0  0  0  0  0  0  0  0  0  0  0  0  0  0  0  0  0  0  0  0  0  0  0  0  0  0  0  0  0  0  0  0  0  0  0  0  0  0  0  0  0  0  0  0  0  0  0  0  0  0  0  0  0  0  0  0  0  0  0  0  0  0  0  0  0  0  0  0  0  0  0  0  0  0  0  0  0  0  0  0  0  0  0  0  0  0  0  0  0  0  0  0  0  0  0  0  0  0  0  0  0  0  0  0  0  0  0  0  0  0  0  0  0
0  0  0  0  0  0  0  0  0  0  0  0  0  0  0  0  0  0  0  0  0  0  0  0  0  0  0  0  0  0  0  0  0  0  0  0  0  0  0  0  0  0  0  0  0  0  0  0  0  0  0  0  0  0  0  0  0  0  0  0  0  0  0  0  0  0  0  0  0  0  0  0  0  0  0  0  0  0  0  0  0  0  0  0  0  0  0  0  0  0  0  0  0  0  0  0  0  0  0  0  0  0  0  0  0  0  0  0  0  0  0  0  0  0  0  0  0  0  0  0  0  0  0  0  0  0
0  0  0  0  0  0  0  0  0  0  0  0  0  0  0  0  0  0  0  0  0  0  0  0  0  0  0  0  0  0  0  0  0  0  0  0  0  0  0  0  0  0  0  0  0  0  0  0  0  0  0  0  0  0  0  0  0  0  0  0  0  0  0  0  0  0  0  0  0  0  0  0  0  0  0  0  0  0  0  0  0  0  0  0  0  0  0  0  0  0  0  0  0  0  0  0  0  0  0  0  0  0  0  0  0  0  0  0  0  0  0  0  0  0  0  0  0  0  0  0  0  0  0  0  0  0
0  0  0  0  0  0  0  0  0  0  0  0  0  0  0  0  0  0  0  0  0  0  0  0  0  0  0  0  0  0  0  0  0  0  0  0  0  0  0  0  0  0  0  0  0  0  0  0  0  0  0  0  0  0  0  0  0  0  0  0  0  0  0  0  0  0  0  0  0  0  0  0  0  0  0  0  0  0  0  0  0  0  0  0  0  0  0  0  0  0  0  0  0  0  0  0  0  0  0  0  0  0  0  0  0  0  0  0  0  0  0  0  0  0  0  0  0  0  0  0  0  0  0  0  0  0
0  0  0  0  0  0  0  0  0  0  0  0  0  0  0  0  0  0  0  0  0  0  0  0  0  0  0  0  0  0  0  0  0  0  0  0  0  0  0  0  0  0  0  0  0  0  0  0  0  0  0  0  0  0  0  0  0  0  0  0  0  0  0  0  0  0  0  0  0  0  0  0  0  0  0  0  0  0  0  0  0  0  0  0  0  0  0  0  0  0  0  0  0  0  0  0  0  0  0  0  0  0  0  0  0  0  0  0  0  0  0  0  0  0  0  0  0  0  0  0  0  0  0  0  0  0
0  0  0  0  0  0  0  0  0  0  0  0  0  0  0  0  0  0  0  0  0  0  0  0  0  0  0  0  0  0  0  0  0  0  0  0  0  0  0  0  0  0  0  0  0  0  0  0  0  0  0  0  0  0  0  0  0  0  0  0  0  0  0  0  0  0  0  0  0  0  0  0  0  0  0  0  0  0  0  0  0  0  0  0  0  0  0  0  0  0  0  0  0  0  0  0  0  0  0  0  0  0  0  0  0  0  0  0  0  0  0  0  0  0  0  0  0  0  0  0  0  0  0  0  0  0
0  0  0  0  0  0  0  0  0  0  0  0  0  0  0  0  0  0  0  0  0  0  0  0  0  0  0  0  0  0  0  0  0  0  0  0  0  0  0  0  0  0  0  0  0  0  0  0  0  0  0  0  0  0  0  0  0  0  0  0  0  0  0  0  0  0  0  0  0  0  0  0  0  0  0  0  0  0  0  0  0  0  0  0  0  0  0  0  0  0  0  0  0  0  0  0  0  0  0  0  0  0  0  0  0  0  0  0  0  0  0  0  0  0  0  0  0  0  0  0  0  0  0  0  0  0
0  0  0  0  0  0  0  0  0  0  0  0  0  0  0  0  0  0  0  0  0  0  0  0  0  0  0  0  0  0  0  0  0  0  0  0  0  0  0  0  0  0  0  0  0  0  0  0  0  0  0  0  0  0  0  0  0  0  0  0  0  0  0  0  0  0  0  0  0  0  0  0  0  0  0  0  0  0  0  0  0  0  0  0  0  0  0  0  0  0  0  0  0  0  0  0  0  0  0  0  0  0  0  0  0  0  0  0  0  0  0  0  0  0  0  0  0  0  0  0  0  0  0  0  0  0
0  0  0  0  0  0  0  0  0  0  0  0  0  0  0  0  0  0  0  0  0  0  0  0  0  0  0  0  0  0  0  0  0  0  0  0  0  0  0  0  0  0  0  0  0  0  0  0  0  0  0  0  0  0  0  0  0  0  0  0  0  0  0  0  0  0  0  0  0  0  0  0  0  0  0  0  0  0  0  0  0  0  0  0  0  0  0  0  0  0  0  0  0  0  0  0  0  0  0  0  0  0  0  0  0  0  0  0  0  0  0  0  0  0  0  0  0  0  0  0  0  0  0  0  0  0
0  0  0  0  0  0  0  0  0  0  0  0  0  0  0  0  0  0  0  0  0  0  0  0  0  0  0  0  0  0  0  0  0  0  0  0  0  0  0  0  0  0  0  0  0  0  0  0  0  0  0  0  0  0  0  0  0  0  0  0  0  0  0  0  0  0  0  0  0  0  0  0  0  0  0  0  0  0  0  0  0  0  0  0  0  0  0  0  0  0  0  0  0  0  0  0  0  0  0  0  0  0  0  0  0  0  0  0  0  0  0  0  0  0  0  0  0  0  0  0  0  0  0  0  0  0
0  0  0  0  0  0  0  0  0  0  0  0  0  0  0  0  0  0  0  0  0  0  0  0  0  0  0  0  0  0  0  0  0  0  0  0  0  0  0  0  0  0  0  0  0  0  0  0  0  0  0  0  0  0  0  0  0  0  0  0  0  0  0  0  0  0  0  0  0  0  0  0  0  0  0  0  0  0  0  0  0  0  0  0  0  0  0  0  0  0  0  0  0  0  0  0  0  0  0  0  0  0  0  0  0  0  0  0  0  0  0  0  0  0  0  0  0  0  0  0  0  0  0  0  0  0